Dynamical matrix file
                                                                           
  2    4  3  5.6389400  0.0000000  0.0000000  0.0000000  0.0000000  0.0000000
           1  'H   '    918.681109414803     
           2  'S   '    29225.4596239713     
    1    2      0.0000000000      0.0000000000      0.0000000000
    2    1      0.5000000000      0.0000000000      0.0000000000
    3    1      0.0000000000      0.5000000000      0.0000000000
    4    1      0.5000000000      0.5000000000      0.0000000000

     Dynamical  Matrix in cartesian axes

     q = (    0.000000000   0.000000000   0.000000000 ) 

    1    1
  0.35014949  0.00000000    0.00000000  0.00000000    0.00000000  0.00000000
  0.00000000  0.00000000    0.35014949  0.00000000    0.00000000  0.00000000
  0.00000000  0.00000000    0.00000000  0.00000000    0.35014949  0.00000000
    1    2
 -0.16421627  0.00000000    0.00000000  0.00000000    0.00000000  0.00000000
  0.00000000  0.00000000   -0.08992299  0.00000000    0.00000000  0.00000000
  0.00000000  0.00000000    0.00000000  0.00000000   -0.08992299  0.00000000
    1    3
 -0.08992299  0.00000000    0.00000000  0.00000000    0.00000000  0.00000000
  0.00000000  0.00000000   -0.16421627  0.00000000    0.00000000  0.00000000
  0.00000000  0.00000000    0.00000000  0.00000000   -0.08992299  0.00000000
    1    4
 -0.08992299  0.00000000    0.00000000  0.00000000    0.00000000  0.00000000
  0.00000000  0.00000000   -0.08992299  0.00000000    0.00000000  0.00000000
  0.00000000  0.00000000    0.00000000  0.00000000   -0.16421627  0.00000000
    2    1
 -0.16421627  0.00000000    0.00000000  0.00000000    0.00000000  0.00000000
  0.00000000  0.00000000   -0.08992299  0.00000000    0.00000000  0.00000000
  0.00000000  0.00000000    0.00000000  0.00000000   -0.08992299  0.00000000
    2    2
  0.11100845  0.00000000    0.00000000  0.00000000    0.00000000  0.00000000
  0.00000000  0.00000000    0.13458962  0.00000000    0.00000000  0.00000000
  0.00000000  0.00000000    0.00000000  0.00000000    0.13458962  0.00000000
    2    3
  0.02481864  0.00000000    0.00000000  0.00000000    0.00000000  0.00000000
  0.00000000  0.00000000    0.02481864  0.00000000    0.00000000  0.00000000
  0.00000000  0.00000000    0.00000000  0.00000000   -0.06917356  0.00000000
    2    4
  0.02481864  0.00000000    0.00000000  0.00000000    0.00000000  0.00000000
  0.00000000  0.00000000   -0.06917356  0.00000000    0.00000000  0.00000000
  0.00000000  0.00000000    0.00000000  0.00000000    0.02481864  0.00000000
    3    1
 -0.08992299  0.00000000    0.00000000  0.00000000    0.00000000  0.00000000
  0.00000000  0.00000000   -0.16421627  0.00000000    0.00000000  0.00000000
  0.00000000  0.00000000    0.00000000  0.00000000   -0.08992299  0.00000000
    3    2
  0.02481864  0.00000000    0.00000000  0.00000000    0.00000000  0.00000000
  0.00000000  0.00000000    0.02481864  0.00000000    0.00000000  0.00000000
  0.00000000  0.00000000    0.00000000  0.00000000   -0.06917356  0.00000000
    3    3
  0.13458962  0.00000000    0.00000000  0.00000000    0.00000000  0.00000000
  0.00000000  0.00000000    0.11100845  0.00000000    0.00000000  0.00000000
  0.00000000  0.00000000    0.00000000  0.00000000    0.13458962  0.00000000
    3    4
 -0.06917356  0.00000000    0.00000000  0.00000000    0.00000000  0.00000000
  0.00000000  0.00000000    0.02481864  0.00000000    0.00000000  0.00000000
  0.00000000  0.00000000    0.00000000  0.00000000    0.02481864  0.00000000
    4    1
 -0.08992299  0.00000000    0.00000000  0.00000000    0.00000000  0.00000000
  0.00000000  0.00000000   -0.08992299  0.00000000    0.00000000  0.00000000
  0.00000000  0.00000000    0.00000000  0.00000000   -0.16421627  0.00000000
    4    2
  0.02481864  0.00000000    0.00000000  0.00000000    0.00000000  0.00000000
  0.00000000  0.00000000   -0.06917356  0.00000000    0.00000000  0.00000000
  0.00000000  0.00000000    0.00000000  0.00000000    0.02481864  0.00000000
    4    3
 -0.06917356  0.00000000    0.00000000  0.00000000    0.00000000  0.00000000
  0.00000000  0.00000000    0.02481864  0.00000000    0.00000000  0.00000000
  0.00000000  0.00000000    0.00000000  0.00000000    0.02481864  0.00000000
    4    4
  0.13458962  0.00000000    0.00000000  0.00000000    0.00000000  0.00000000
  0.00000000  0.00000000    0.13458962  0.00000000    0.00000000  0.00000000
  0.00000000  0.00000000    0.00000000  0.00000000    0.11100845  0.00000000

     Diagonalizing the dynamical matrix

     q = (    0.000000000   0.000000000   0.000000000 ) 

 **************************************************************************
     freq (    1) =       1.004129 [THz] =      33.494145 [cm-1]
 ( -0.293222  0.000000 -0.403726  0.000000 -0.022119  0.000000 ) 
 ( -0.305414  0.000000 -0.395952  0.000000 -0.021693  0.000000 ) 
 ( -0.287576  0.000000 -0.420513  0.000000 -0.021693  0.000000 ) 
 ( -0.287576  0.000000 -0.395952  0.000000 -0.023038  0.000000 ) 
     freq (    2) =       1.004129 [THz] =      33.494145 [cm-1]
 (  0.073474  0.000000 -0.080072  0.000000  0.487497  0.000000 ) 
 (  0.076529  0.000000 -0.078530  0.000000  0.478110  0.000000 ) 
 (  0.072059  0.000000 -0.083401  0.000000  0.478110  0.000000 ) 
 (  0.072059  0.000000 -0.078530  0.000000  0.507767  0.000000 ) 
     freq (    3) =       1.004129 [THz] =      33.494145 [cm-1]
 (  0.397600  0.000000 -0.282944  0.000000 -0.106399  0.000000 ) 
 (  0.414131  0.000000 -0.277495  0.000000 -0.104350  0.000000 ) 
 (  0.389944  0.000000 -0.294708  0.000000 -0.104350  0.000000 ) 
 (  0.389944  0.000000 -0.277495  0.000000 -0.110822  0.000000 ) 
     freq (    4) =      23.539988 [THz] =     785.209473 [cm-1]
 ( -0.004834  0.000000  0.004599  0.000000 -0.019055  0.000000 ) 
 ( -0.124554  0.000000 -0.137529  0.000000  0.569790  0.000000 ) 
 (  0.144534  0.000000  0.118517  0.000000  0.569790  0.000000 ) 
 (  0.144534  0.000000 -0.137529  0.000000 -0.491022  0.000000 ) 
     freq (    5) =      23.539988 [THz] =     785.209473 [cm-1]
 ( -0.018579  0.000000  0.005184  0.000000  0.005964  0.000000 ) 
 ( -0.478751  0.000000 -0.154999  0.000000 -0.178334  0.000000 ) 
 (  0.555551  0.000000  0.133572  0.000000 -0.178334  0.000000 ) 
 (  0.555551  0.000000 -0.154999  0.000000  0.153681  0.000000 ) 
     freq (    6) =      23.539988 [THz] =     785.209473 [cm-1]
 ( -0.006251  0.000000 -0.018963  0.000000 -0.002991  0.000000 ) 
 ( -0.161077  0.000000  0.567033  0.000000  0.089450  0.000000 ) 
 (  0.186916  0.000000 -0.488646  0.000000  0.089450  0.000000 ) 
 (  0.186916  0.000000  0.567033  0.000000 -0.077084  0.000000 ) 
     freq (    7) =      40.657147 [THz] =    1356.176451 [cm-1]
 ( -0.023261  0.000000 -0.044138  0.000000  0.001312  0.000000 ) 
 (  0.405060  0.000000  0.307707  0.000000 -0.009144  0.000000 ) 
 (  0.162159  0.000000  0.768628  0.000000 -0.009144  0.000000 ) 
 (  0.162159  0.000000  0.307707  0.000000 -0.022840  0.000000 ) 
     freq (    8) =      40.657147 [THz] =    1356.176451 [cm-1]
 (  0.022070  0.000000 -0.010336  0.000000  0.043555  0.000000 ) 
 ( -0.384326  0.000000  0.072059  0.000000 -0.303641  0.000000 ) 
 ( -0.153858  0.000000  0.179998  0.000000 -0.303641  0.000000 ) 
 ( -0.153858  0.000000  0.072059  0.000000 -0.758471  0.000000 ) 
     freq (    9) =      40.657147 [THz] =    1356.176451 [cm-1]
 (  0.038247  0.000000 -0.020879  0.000000 -0.024335  0.000000 ) 
 ( -0.666036  0.000000  0.145556  0.000000  0.169650  0.000000 ) 
 ( -0.266636  0.000000  0.363588  0.000000  0.169650  0.000000 ) 
 ( -0.266636  0.000000  0.145556  0.000000  0.423774  0.000000 ) 
     freq (   10) =      48.995421 [THz] =    1634.311334 [cm-1]
 (  0.000000  0.000000  0.000000  0.000000  0.000000  0.000000 ) 
 (  0.000000  0.000000  0.192897  0.000000 -0.671629  0.000000 ) 
 (  0.108193  0.000000  0.000000  0.000000  0.671629  0.000000 ) 
 ( -0.108193  0.000000 -0.192897  0.000000  0.000000  0.000000 ) 
     freq (   11) =      48.995421 [THz] =    1634.311334 [cm-1]
 (  0.000000  0.000000  0.000000  0.000000  0.000000  0.000000 ) 
 (  0.000000  0.000000 -0.657628  0.000000 -0.212881  0.000000 ) 
 ( -0.149019  0.000000  0.000000  0.000000  0.212881  0.000000 ) 
 (  0.149019  0.000000  0.657628  0.000000  0.000000  0.000000 ) 
     freq (   12) =      48.995421 [THz] =    1634.311334 [cm-1]
 (  0.000000  0.000000  0.000000  0.000000  0.000000  0.000000 ) 
 (  0.000000  0.000000 -0.174115  0.000000  0.059970  0.000000 ) 
 (  0.682706  0.000000  0.000000  0.000000 -0.059970  0.000000 ) 
 ( -0.682706  0.000000  0.174115  0.000000  0.000000  0.000000 ) 
 **************************************************************************
