Dynamical matrix file
                                                                           
  2    8  0  5.6389400  0.0000000  0.0000000  0.0000000  0.0000000  0.0000000
Basis vectors
      1.000000000    0.000000000    0.000000000
      0.000000000    1.000000000    0.000000000
      0.000000000    0.000000000    1.000000000
           1  'H   '    918.644651645118     
           2  'S   '    29225.4596239713     
    1    2      0.0000000000      0.0000000000      0.0000000000
    2    2      0.5000000000      0.5000000000      0.5000000000
    3    1      0.5000000000      0.0000000000      0.0000000000
    4    1      0.0000000000      0.5000000000      0.0000000000
    5    1      0.5000000000      0.5000000000      0.0000000000
    6    1      0.0000000000      0.0000000000      0.5000000000
    7    1      0.5000000000      0.0000000000      0.5000000000
    8    1      0.0000000000      0.5000000000      0.5000000000

     Dynamical  Matrix in cartesian axes

     q = (    0.000000000   0.000000000   0.000000000 ) 

    1    1
  0.61828786  0.00000000    0.00000000  0.00000000    0.00000000  0.00000000
  0.00000000  0.00000000    0.61828786  0.00000000    0.00000000  0.00000000
  0.00000000  0.00000000    0.00000000  0.00000000    0.61828786  0.00000000
    1    2
 -0.24287484  0.00000000    0.00000000  0.00000000    0.00000000  0.00000000
  0.00000000  0.00000000   -0.24287484  0.00000000    0.00000000  0.00000000
  0.00000000  0.00000000    0.00000000  0.00000000   -0.24287484  0.00000000
    1    3
 -0.21481577  0.00000000    0.00000000  0.00000000    0.00000000  0.00000000
  0.00000000  0.00000000   -0.00503646  0.00000000    0.00000000  0.00000000
  0.00000000  0.00000000    0.00000000  0.00000000   -0.00503646  0.00000000
    1    4
 -0.00503646  0.00000000    0.00000000  0.00000000    0.00000000  0.00000000
  0.00000000  0.00000000   -0.21481577  0.00000000    0.00000000  0.00000000
  0.00000000  0.00000000    0.00000000  0.00000000   -0.00503646  0.00000000
    1    5
 -0.09990600  0.00000000    0.00000000  0.00000000    0.00000000  0.00000000
  0.00000000  0.00000000   -0.09990600  0.00000000    0.00000000  0.00000000
  0.00000000  0.00000000    0.00000000  0.00000000    0.02443795  0.00000000
    1    6
 -0.00503646  0.00000000    0.00000000  0.00000000    0.00000000  0.00000000
  0.00000000  0.00000000   -0.00503646  0.00000000    0.00000000  0.00000000
  0.00000000  0.00000000    0.00000000  0.00000000   -0.21481577  0.00000000
    1    7
 -0.09990600  0.00000000    0.00000000  0.00000000    0.00000000  0.00000000
  0.00000000  0.00000000    0.02443795  0.00000000    0.00000000  0.00000000
  0.00000000  0.00000000    0.00000000  0.00000000   -0.09990600  0.00000000
    1    8
  0.02443795  0.00000000    0.00000000  0.00000000    0.00000000  0.00000000
  0.00000000  0.00000000   -0.09990600  0.00000000    0.00000000  0.00000000
  0.00000000  0.00000000    0.00000000  0.00000000   -0.09990600  0.00000000
    2    1
 -0.24287484  0.00000000    0.00000000  0.00000000    0.00000000  0.00000000
  0.00000000  0.00000000   -0.24287484  0.00000000    0.00000000  0.00000000
  0.00000000  0.00000000    0.00000000  0.00000000   -0.24287484  0.00000000
    2    2
  0.61831325  0.00000000    0.00000000  0.00000000    0.00000000  0.00000000
  0.00000000  0.00000000    0.61831325  0.00000000    0.00000000  0.00000000
  0.00000000  0.00000000    0.00000000  0.00000000    0.61831325  0.00000000
    2    3
  0.03510538  0.00000000    0.00000000  0.00000000    0.00000000  0.00000000
  0.00000000  0.00000000   -0.09114591  0.00000000    0.00000000  0.00000000
  0.00000000  0.00000000    0.00000000  0.00000000   -0.09114591  0.00000000
    2    4
 -0.09114591  0.00000000    0.00000000  0.00000000    0.00000000  0.00000000
  0.00000000  0.00000000    0.03510538  0.00000000    0.00000000  0.00000000
  0.00000000  0.00000000    0.00000000  0.00000000   -0.09114591  0.00000000
    2    5
  0.00481198  0.00000000    0.00000000  0.00000000    0.00000000  0.00000000
  0.00000000  0.00000000    0.00481198  0.00000000    0.00000000  0.00000000
  0.00000000  0.00000000    0.00000000  0.00000000   -0.20075750  0.00000000
    2    6
 -0.09114591  0.00000000    0.00000000  0.00000000    0.00000000  0.00000000
  0.00000000  0.00000000   -0.09114591  0.00000000    0.00000000  0.00000000
  0.00000000  0.00000000    0.00000000  0.00000000    0.03510538  0.00000000
    2    7
  0.00481198  0.00000000    0.00000000  0.00000000    0.00000000  0.00000000
  0.00000000  0.00000000   -0.20075750  0.00000000    0.00000000  0.00000000
  0.00000000  0.00000000    0.00000000  0.00000000    0.00481198  0.00000000
    2    8
 -0.20075750  0.00000000    0.00000000  0.00000000    0.00000000  0.00000000
  0.00000000  0.00000000    0.00481198  0.00000000    0.00000000  0.00000000
  0.00000000  0.00000000    0.00000000  0.00000000    0.00481198  0.00000000
    3    1
 -0.21481577  0.00000000    0.00000000  0.00000000    0.00000000  0.00000000
  0.00000000  0.00000000   -0.00503646  0.00000000    0.00000000  0.00000000
  0.00000000  0.00000000    0.00000000  0.00000000   -0.00503646  0.00000000
    3    2
  0.03510538  0.00000000    0.00000000  0.00000000    0.00000000  0.00000000
  0.00000000  0.00000000   -0.09114591  0.00000000    0.00000000  0.00000000
  0.00000000  0.00000000    0.00000000  0.00000000   -0.09114591  0.00000000
    3    3
  0.11397210  0.00000000    0.00000000  0.00000000    0.00000000  0.00000000
  0.00000000  0.00000000    0.12207106  0.00000000    0.00000000  0.00000000
  0.00000000  0.00000000    0.00000000  0.00000000    0.12207106  0.00000000
    3    4
  0.00382219  0.00000000    0.00000000  0.00000000    0.00000000  0.00000000
  0.00000000  0.00000000    0.00382219  0.00000000    0.00000000  0.00000000
  0.00000000  0.00000000    0.00000000  0.00000000    0.01269625  0.00000000
    3    5
  0.02758538  0.00000000    0.00000000  0.00000000    0.00000000  0.00000000
  0.00000000  0.00000000   -0.07079443  0.00000000    0.00000000  0.00000000
  0.00000000  0.00000000    0.00000000  0.00000000    0.02232474  0.00000000
    3    6
  0.00382219  0.00000000    0.00000000  0.00000000    0.00000000  0.00000000
  0.00000000  0.00000000    0.01269625  0.00000000    0.00000000  0.00000000
  0.00000000  0.00000000    0.00000000  0.00000000    0.00382219  0.00000000
    3    7
  0.02758538  0.00000000    0.00000000  0.00000000    0.00000000  0.00000000
  0.00000000  0.00000000    0.02232474  0.00000000    0.00000000  0.00000000
  0.00000000  0.00000000    0.00000000  0.00000000   -0.07079443  0.00000000
    3    8
  0.00503929  0.00000000    0.00000000  0.00000000    0.00000000  0.00000000
  0.00000000  0.00000000   -0.00084986  0.00000000    0.00000000  0.00000000
  0.00000000  0.00000000    0.00000000  0.00000000   -0.00084986  0.00000000
    4    1
 -0.00503646  0.00000000    0.00000000  0.00000000    0.00000000  0.00000000
  0.00000000  0.00000000   -0.21481577  0.00000000    0.00000000  0.00000000
  0.00000000  0.00000000    0.00000000  0.00000000   -0.00503646  0.00000000
    4    2
 -0.09114591  0.00000000    0.00000000  0.00000000    0.00000000  0.00000000
  0.00000000  0.00000000    0.03510538  0.00000000    0.00000000  0.00000000
  0.00000000  0.00000000    0.00000000  0.00000000   -0.09114591  0.00000000
    4    3
  0.00382219  0.00000000    0.00000000  0.00000000    0.00000000  0.00000000
  0.00000000  0.00000000    0.00382219  0.00000000    0.00000000  0.00000000
  0.00000000  0.00000000    0.00000000  0.00000000    0.01269625  0.00000000
    4    4
  0.12207106  0.00000000    0.00000000  0.00000000    0.00000000  0.00000000
  0.00000000  0.00000000    0.11397210  0.00000000    0.00000000  0.00000000
  0.00000000  0.00000000    0.00000000  0.00000000    0.12207106  0.00000000
    4    5
 -0.07079443  0.00000000    0.00000000  0.00000000    0.00000000  0.00000000
  0.00000000  0.00000000    0.02758538  0.00000000    0.00000000  0.00000000
  0.00000000  0.00000000    0.00000000  0.00000000    0.02232474  0.00000000
    4    6
  0.01269625  0.00000000    0.00000000  0.00000000    0.00000000  0.00000000
  0.00000000  0.00000000    0.00382219  0.00000000    0.00000000  0.00000000
  0.00000000  0.00000000    0.00000000  0.00000000    0.00382219  0.00000000
    4    7
 -0.00084986  0.00000000    0.00000000  0.00000000    0.00000000  0.00000000
  0.00000000  0.00000000    0.00503929  0.00000000    0.00000000  0.00000000
  0.00000000  0.00000000    0.00000000  0.00000000   -0.00084986  0.00000000
    4    8
  0.02232474  0.00000000    0.00000000  0.00000000    0.00000000  0.00000000
  0.00000000  0.00000000    0.02758538  0.00000000    0.00000000  0.00000000
  0.00000000  0.00000000    0.00000000  0.00000000   -0.07079443  0.00000000
    5    1
 -0.09990600  0.00000000    0.00000000  0.00000000    0.00000000  0.00000000
  0.00000000  0.00000000   -0.09990600  0.00000000    0.00000000  0.00000000
  0.00000000  0.00000000    0.00000000  0.00000000    0.02443795  0.00000000
    5    2
  0.00481198  0.00000000    0.00000000  0.00000000    0.00000000  0.00000000
  0.00000000  0.00000000    0.00481198  0.00000000    0.00000000  0.00000000
  0.00000000  0.00000000    0.00000000  0.00000000   -0.20075750  0.00000000
    5    3
  0.02758538  0.00000000    0.00000000  0.00000000    0.00000000  0.00000000
  0.00000000  0.00000000   -0.07079443  0.00000000    0.00000000  0.00000000
  0.00000000  0.00000000    0.00000000  0.00000000    0.02232474  0.00000000
    5    4
 -0.07079443  0.00000000    0.00000000  0.00000000    0.00000000  0.00000000
  0.00000000  0.00000000    0.02758538  0.00000000    0.00000000  0.00000000
  0.00000000  0.00000000    0.00000000  0.00000000    0.02232474  0.00000000
    5    5
  0.12645121  0.00000000    0.00000000  0.00000000    0.00000000  0.00000000
  0.00000000  0.00000000    0.12645121  0.00000000    0.00000000  0.00000000
  0.00000000  0.00000000    0.00000000  0.00000000    0.10609463  0.00000000
    5    6
 -0.00084986  0.00000000    0.00000000  0.00000000    0.00000000  0.00000000
  0.00000000  0.00000000   -0.00084986  0.00000000    0.00000000  0.00000000
  0.00000000  0.00000000    0.00000000  0.00000000    0.00503929  0.00000000
    5    7
  0.01706159  0.00000000    0.00000000  0.00000000    0.00000000  0.00000000
  0.00000000  0.00000000    0.00416812  0.00000000    0.00000000  0.00000000
  0.00000000  0.00000000    0.00000000  0.00000000    0.00416812  0.00000000
    5    8
  0.00416812  0.00000000    0.00000000  0.00000000    0.00000000  0.00000000
  0.00000000  0.00000000    0.01706159  0.00000000    0.00000000  0.00000000
  0.00000000  0.00000000    0.00000000  0.00000000    0.00416812  0.00000000
    6    1
 -0.00503646  0.00000000    0.00000000  0.00000000    0.00000000  0.00000000
  0.00000000  0.00000000   -0.00503646  0.00000000    0.00000000  0.00000000
  0.00000000  0.00000000    0.00000000  0.00000000   -0.21481577  0.00000000
    6    2
 -0.09114591  0.00000000    0.00000000  0.00000000    0.00000000  0.00000000
  0.00000000  0.00000000   -0.09114591  0.00000000    0.00000000  0.00000000
  0.00000000  0.00000000    0.00000000  0.00000000    0.03510538  0.00000000
    6    3
  0.00382219  0.00000000    0.00000000  0.00000000    0.00000000  0.00000000
  0.00000000  0.00000000    0.01269625  0.00000000    0.00000000  0.00000000
  0.00000000  0.00000000    0.00000000  0.00000000    0.00382219  0.00000000
    6    4
  0.01269625  0.00000000    0.00000000  0.00000000    0.00000000  0.00000000
  0.00000000  0.00000000    0.00382219  0.00000000    0.00000000  0.00000000
  0.00000000  0.00000000    0.00000000  0.00000000    0.00382219  0.00000000
    6    5
 -0.00084986  0.00000000    0.00000000  0.00000000    0.00000000  0.00000000
  0.00000000  0.00000000   -0.00084986  0.00000000    0.00000000  0.00000000
  0.00000000  0.00000000    0.00000000  0.00000000    0.00503929  0.00000000
    6    6
  0.12207106  0.00000000    0.00000000  0.00000000    0.00000000  0.00000000
  0.00000000  0.00000000    0.12207106  0.00000000    0.00000000  0.00000000
  0.00000000  0.00000000    0.00000000  0.00000000    0.11397210  0.00000000
    6    7
 -0.07079443  0.00000000    0.00000000  0.00000000    0.00000000  0.00000000
  0.00000000  0.00000000    0.02232474  0.00000000    0.00000000  0.00000000
  0.00000000  0.00000000    0.00000000  0.00000000    0.02758538  0.00000000
    6    8
  0.02232474  0.00000000    0.00000000  0.00000000    0.00000000  0.00000000
  0.00000000  0.00000000   -0.07079443  0.00000000    0.00000000  0.00000000
  0.00000000  0.00000000    0.00000000  0.00000000    0.02758538  0.00000000
    7    1
 -0.09990600  0.00000000    0.00000000  0.00000000    0.00000000  0.00000000
  0.00000000  0.00000000    0.02443795  0.00000000    0.00000000  0.00000000
  0.00000000  0.00000000    0.00000000  0.00000000   -0.09990600  0.00000000
    7    2
  0.00481198  0.00000000    0.00000000  0.00000000    0.00000000  0.00000000
  0.00000000  0.00000000   -0.20075750  0.00000000    0.00000000  0.00000000
  0.00000000  0.00000000    0.00000000  0.00000000    0.00481198  0.00000000
    7    3
  0.02758538  0.00000000    0.00000000  0.00000000    0.00000000  0.00000000
  0.00000000  0.00000000    0.02232474  0.00000000    0.00000000  0.00000000
  0.00000000  0.00000000    0.00000000  0.00000000   -0.07079443  0.00000000
    7    4
 -0.00084986  0.00000000    0.00000000  0.00000000    0.00000000  0.00000000
  0.00000000  0.00000000    0.00503929  0.00000000    0.00000000  0.00000000
  0.00000000  0.00000000    0.00000000  0.00000000   -0.00084986  0.00000000
    7    5
  0.01706159  0.00000000    0.00000000  0.00000000    0.00000000  0.00000000
  0.00000000  0.00000000    0.00416812  0.00000000    0.00000000  0.00000000
  0.00000000  0.00000000    0.00000000  0.00000000    0.00416812  0.00000000
    7    6
 -0.07079443  0.00000000    0.00000000  0.00000000    0.00000000  0.00000000
  0.00000000  0.00000000    0.02232474  0.00000000    0.00000000  0.00000000
  0.00000000  0.00000000    0.00000000  0.00000000    0.02758538  0.00000000
    7    7
  0.12645121  0.00000000    0.00000000  0.00000000    0.00000000  0.00000000
  0.00000000  0.00000000    0.10609463  0.00000000    0.00000000  0.00000000
  0.00000000  0.00000000    0.00000000  0.00000000    0.12645121  0.00000000
    7    8
  0.00416812  0.00000000    0.00000000  0.00000000    0.00000000  0.00000000
  0.00000000  0.00000000    0.00416812  0.00000000    0.00000000  0.00000000
  0.00000000  0.00000000    0.00000000  0.00000000    0.01706159  0.00000000
    8    1
  0.02443795  0.00000000    0.00000000  0.00000000    0.00000000  0.00000000
  0.00000000  0.00000000   -0.09990600  0.00000000    0.00000000  0.00000000
  0.00000000  0.00000000    0.00000000  0.00000000   -0.09990600  0.00000000
    8    2
 -0.20075750  0.00000000    0.00000000  0.00000000    0.00000000  0.00000000
  0.00000000  0.00000000    0.00481198  0.00000000    0.00000000  0.00000000
  0.00000000  0.00000000    0.00000000  0.00000000    0.00481198  0.00000000
    8    3
  0.00503929  0.00000000    0.00000000  0.00000000    0.00000000  0.00000000
  0.00000000  0.00000000   -0.00084986  0.00000000    0.00000000  0.00000000
  0.00000000  0.00000000    0.00000000  0.00000000   -0.00084986  0.00000000
    8    4
  0.02232474  0.00000000    0.00000000  0.00000000    0.00000000  0.00000000
  0.00000000  0.00000000    0.02758538  0.00000000    0.00000000  0.00000000
  0.00000000  0.00000000    0.00000000  0.00000000   -0.07079443  0.00000000
    8    5
  0.00416812  0.00000000    0.00000000  0.00000000    0.00000000  0.00000000
  0.00000000  0.00000000    0.01706159  0.00000000    0.00000000  0.00000000
  0.00000000  0.00000000    0.00000000  0.00000000    0.00416812  0.00000000
    8    6
  0.02232474  0.00000000    0.00000000  0.00000000    0.00000000  0.00000000
  0.00000000  0.00000000   -0.07079443  0.00000000    0.00000000  0.00000000
  0.00000000  0.00000000    0.00000000  0.00000000    0.02758538  0.00000000
    8    7
  0.00416812  0.00000000    0.00000000  0.00000000    0.00000000  0.00000000
  0.00000000  0.00000000    0.00416812  0.00000000    0.00000000  0.00000000
  0.00000000  0.00000000    0.00000000  0.00000000    0.01706159  0.00000000
    8    8
  0.10609463  0.00000000    0.00000000  0.00000000    0.00000000  0.00000000
  0.00000000  0.00000000    0.12645121  0.00000000    0.00000000  0.00000000
  0.00000000  0.00000000    0.00000000  0.00000000    0.12645121  0.00000000

     Diagonalizing the dynamical matrix

     q = (    0.000000000   0.000000000   0.000000000 ) 

 **************************************************************************
     freq (    1) =       0.574174 [THz] =      19.152383 [cm-1]
 ( -0.003711  0.000000 -0.001686  0.000000 -0.367156  0.000000 ) 
 ( -0.003431  0.000000 -0.001559  0.000000 -0.339435  0.000000 ) 
 ( -0.003906  0.000000 -0.001603  0.000000 -0.349069  0.000000 ) 
 ( -0.003528  0.000000 -0.001775  0.000000 -0.349069  0.000000 ) 
 ( -0.003372  0.000000 -0.001532  0.000000 -0.366347  0.000000 ) 
 ( -0.003528  0.000000 -0.001603  0.000000 -0.386456  0.000000 ) 
 ( -0.003372  0.000000 -0.001682  0.000000 -0.333617  0.000000 ) 
 ( -0.003702  0.000000 -0.001532  0.000000 -0.333617  0.000000 ) 
     freq (    2) =       0.574174 [THz] =      19.152383 [cm-1]
 ( -0.117586  0.000000  0.347841  0.000000 -0.000409  0.000000 ) 
 ( -0.108708  0.000000  0.321578  0.000000 -0.000378  0.000000 ) 
 ( -0.123767  0.000000  0.330705  0.000000 -0.000389  0.000000 ) 
 ( -0.111794  0.000000  0.366126  0.000000 -0.000389  0.000000 ) 
 ( -0.106845  0.000000  0.316067  0.000000 -0.000408  0.000000 ) 
 ( -0.111794  0.000000  0.330705  0.000000 -0.000431  0.000000 ) 
 ( -0.106845  0.000000  0.347075  0.000000 -0.000372  0.000000 ) 
 ( -0.117327  0.000000  0.316067  0.000000 -0.000372  0.000000 ) 
     freq (    3) =       0.574174 [THz] =      19.152383 [cm-1]
 ( -0.347821  0.000000 -0.117575  0.000000  0.004055  0.000000 ) 
 ( -0.321560  0.000000 -0.108698  0.000000  0.003749  0.000000 ) 
 ( -0.366106  0.000000 -0.111783  0.000000  0.003855  0.000000 ) 
 ( -0.330687  0.000000 -0.123755  0.000000  0.003855  0.000000 ) 
 ( -0.316049  0.000000 -0.106835  0.000000  0.004046  0.000000 ) 
 ( -0.330687  0.000000 -0.111783  0.000000  0.004268  0.000000 ) 
 ( -0.316049  0.000000 -0.117316  0.000000  0.003685  0.000000 ) 
 ( -0.347055  0.000000 -0.106835  0.000000  0.003685  0.000000 ) 
     freq (    4) =       9.789068 [THz] =     326.528162 [cm-1]
 ( -0.007834  0.000000  0.002148  0.000000  0.263145  0.000000 ) 
 (  0.008479  0.000000 -0.002325  0.000000 -0.284810  0.000000 ) 
 ( -0.018796  0.000000 -0.000502  0.000000 -0.061491  0.000000 ) 
 (  0.001831  0.000000  0.005153  0.000000 -0.061491  0.000000 ) 
 ( -0.001888  0.000000  0.000518  0.000000 -0.659171  0.000000 ) 
 (  0.001831  0.000000 -0.000502  0.000000  0.631324  0.000000 ) 
 ( -0.001888  0.000000 -0.005380  0.000000  0.063429  0.000000 ) 
 (  0.019625  0.000000  0.000518  0.000000  0.063429  0.000000 ) 
     freq (    5) =       9.789068 [THz] =     326.528162 [cm-1]
 (  0.032841  0.000000  0.261211  0.000000 -0.001154  0.000000 ) 
 ( -0.035545  0.000000 -0.282717  0.000000  0.001249  0.000000 ) 
 (  0.078791  0.000000 -0.061039  0.000000  0.000270  0.000000 ) 
 ( -0.007674  0.000000  0.626685  0.000000  0.000270  0.000000 ) 
 (  0.007916  0.000000  0.062963  0.000000  0.002891  0.000000 ) 
 ( -0.007674  0.000000 -0.061039  0.000000 -0.002769  0.000000 ) 
 (  0.007916  0.000000 -0.654328  0.000000 -0.000278  0.000000 ) 
 ( -0.082266  0.000000  0.062963  0.000000 -0.000278  0.000000 ) 
     freq (    6) =       9.789068 [THz] =     326.528162 [cm-1]
 (  0.261096  0.000000 -0.032791  0.000000  0.008041  0.000000 ) 
 ( -0.282593  0.000000  0.035491  0.000000 -0.008703  0.000000 ) 
 (  0.626410  0.000000  0.007663  0.000000 -0.001879  0.000000 ) 
 ( -0.061013  0.000000 -0.078671  0.000000 -0.001879  0.000000 ) 
 (  0.062935  0.000000 -0.007904  0.000000 -0.020142  0.000000 ) 
 ( -0.061013  0.000000  0.007663  0.000000  0.019291  0.000000 ) 
 (  0.062935  0.000000  0.082141  0.000000  0.001938  0.000000 ) 
 ( -0.654040  0.000000 -0.007904  0.000000  0.001938  0.000000 ) 
     freq (    7) =      21.555435 [THz] =     719.011901 [cm-1]
 (  0.000000  0.000000  0.000000  0.000000  0.000000  0.000000 ) 
 (  0.000000  0.000000  0.000000  0.000000  0.000000  0.000000 ) 
 (  0.000000  0.000000 -0.265012  0.000000  0.035507  0.000000 ) 
 (  0.422533  0.000000  0.000000  0.000000 -0.035507  0.000000 ) 
 (  0.422488  0.000000 -0.264984  0.000000  0.000000  0.000000 ) 
 ( -0.422533  0.000000  0.265012  0.000000  0.000000  0.000000 ) 
 ( -0.422488  0.000000  0.000000  0.000000  0.035503  0.000000 ) 
 (  0.000000  0.000000  0.264984  0.000000 -0.035503  0.000000 ) 
     freq (    8) =      21.555435 [THz] =     719.011901 [cm-1]
 (  0.000000  0.000000  0.000000  0.000000  0.000000  0.000000 ) 
 (  0.000000  0.000000  0.000000  0.000000  0.000000  0.000000 ) 
 (  0.000000  0.000000  0.397910  0.000000  0.192978  0.000000 ) 
 (  0.233353  0.000000  0.000000  0.000000 -0.192978  0.000000 ) 
 (  0.233328  0.000000  0.397868  0.000000  0.000000  0.000000 ) 
 ( -0.233353  0.000000 -0.397910  0.000000  0.000000  0.000000 ) 
 ( -0.233328  0.000000  0.000000  0.000000  0.192957  0.000000 ) 
 (  0.000000  0.000000 -0.397868  0.000000 -0.192957  0.000000 ) 
     freq (    9) =      21.555435 [THz] =     719.011901 [cm-1]
 (  0.000000  0.000000  0.000000  0.000000  0.000000  0.000000 ) 
 (  0.000000  0.000000  0.000000  0.000000  0.000000  0.000000 ) 
 (  0.000000  0.000000  0.146500  0.000000 -0.459919  0.000000 ) 
 (  0.130533  0.000000  0.000000  0.000000  0.459919  0.000000 ) 
 (  0.130519  0.000000  0.146484  0.000000  0.000000  0.000000 ) 
 ( -0.130533  0.000000 -0.146500  0.000000  0.000000  0.000000 ) 
 ( -0.130519  0.000000  0.000000  0.000000 -0.459870  0.000000 ) 
 (  0.000000  0.000000 -0.146484  0.000000  0.459870  0.000000 ) 
     freq (   10) =      22.879437 [THz] =     763.175873 [cm-1]
 (  0.013163  0.000000 -0.000442  0.000000 -0.002673  0.000000 ) 
 (  0.012242  0.000000 -0.000411  0.000000 -0.002486  0.000000 ) 
 (  0.379425  0.000000  0.014020  0.000000  0.084769  0.000000 ) 
 ( -0.417381  0.000000 -0.012745  0.000000  0.084769  0.000000 ) 
 ( -0.409957  0.000000  0.013771  0.000000 -0.073373  0.000000 ) 
 ( -0.417381  0.000000  0.014020  0.000000 -0.077060  0.000000 ) 
 ( -0.409957  0.000000 -0.012136  0.000000  0.083261  0.000000 ) 
 (  0.361271  0.000000  0.013771  0.000000  0.083261  0.000000 ) 
     freq (   11) =      22.879437 [THz] =     763.175873 [cm-1]
 ( -0.000451  0.000000 -0.013431  0.000000  0.000000  0.000000 ) 
 ( -0.000420  0.000000 -0.012491  0.000000  0.000000  0.000000 ) 
 ( -0.013005  0.000000  0.425892  0.000000  0.000000  0.000000 ) 
 (  0.014306  0.000000 -0.387163  0.000000  0.000000  0.000000 ) 
 (  0.014052  0.000000  0.418317  0.000000  0.000000  0.000000 ) 
 (  0.014306  0.000000  0.425892  0.000000  0.000000  0.000000 ) 
 (  0.014052  0.000000 -0.368639  0.000000  0.000000  0.000000 ) 
 ( -0.012383  0.000000  0.418317  0.000000  0.000000  0.000000 ) 
     freq (   12) =      22.879437 [THz] =     763.175873 [cm-1]
 ( -0.002672  0.000000  0.000090  0.000000 -0.013170  0.000000 ) 
 ( -0.002485  0.000000  0.000083  0.000000 -0.012249  0.000000 ) 
 ( -0.077017  0.000000 -0.002846  0.000000  0.417616  0.000000 ) 
 (  0.084721  0.000000  0.002587  0.000000  0.417616  0.000000 ) 
 (  0.083214  0.000000 -0.002795  0.000000 -0.361475  0.000000 ) 
 (  0.084721  0.000000 -0.002846  0.000000 -0.379639  0.000000 ) 
 (  0.083214  0.000000  0.002463  0.000000  0.410188  0.000000 ) 
 ( -0.073332  0.000000 -0.002795  0.000000  0.410188  0.000000 ) 
     freq (   13) =      35.968108 [THz] =    1199.766956 [cm-1]
 ( -0.035210  0.000000 -0.022661  0.000000  0.000000  0.000000 ) 
 (  0.042117  0.000000  0.027106  0.000000  0.000000  0.000000 ) 
 (  0.502813  0.000000  0.085450  0.000000  0.000000  0.000000 ) 
 (  0.132772  0.000000  0.323603  0.000000  0.000000  0.000000 ) 
 ( -0.165338  0.000000 -0.106409  0.000000 -0.000002  0.000000 ) 
 (  0.132772  0.000000  0.085450  0.000000  0.000001  0.000000 ) 
 ( -0.165338  0.000000 -0.386874  0.000000  0.000000  0.000000 ) 
 ( -0.601122  0.000000 -0.106409  0.000000  0.000000  0.000000 ) 
     freq (   14) =      35.968108 [THz] =    1199.766956 [cm-1]
 ( -0.002744  0.000000  0.004263  0.000000  0.041564  0.000000 ) 
 (  0.003282  0.000000 -0.005100  0.000000 -0.049717  0.000000 ) 
 (  0.039185  0.000000 -0.016077  0.000000 -0.156731  0.000000 ) 
 (  0.010347  0.000000 -0.060884  0.000000 -0.156731  0.000000 ) 
 ( -0.012885  0.000000  0.020020  0.000000  0.709596  0.000000 ) 
 (  0.010347  0.000000 -0.016077  0.000000 -0.593546  0.000000 ) 
 ( -0.012885  0.000000  0.072788  0.000000  0.195174  0.000000 ) 
 ( -0.046847  0.000000  0.020020  0.000000  0.195174  0.000000 ) 
     freq (   15) =      35.968108 [THz] =    1199.766956 [cm-1]
 (  0.022494  0.000000 -0.034951  0.000000  0.005070  0.000000 ) 
 ( -0.026906  0.000000  0.041807  0.000000 -0.006065  0.000000 ) 
 ( -0.321222  0.000000  0.131795  0.000000 -0.019119  0.000000 ) 
 ( -0.084821  0.000000  0.499113  0.000000 -0.019119  0.000000 ) 
 (  0.105626  0.000000 -0.164122  0.000000  0.086560  0.000000 ) 
 ( -0.084821  0.000000  0.131795  0.000000 -0.072404  0.000000 ) 
 (  0.105626  0.000000 -0.596699  0.000000  0.023808  0.000000 ) 
 (  0.384027  0.000000 -0.164122  0.000000  0.023808  0.000000 ) 
     freq (   16) =      41.970827 [THz] =    1399.996093 [cm-1]
 (  0.010385  0.000000 -0.034295  0.000000  0.012229  0.000000 ) 
 (  0.009091  0.000000 -0.030023  0.000000  0.010705  0.000000 ) 
 ( -0.175348  0.000000  0.284095  0.000000 -0.101300  0.000000 ) 
 ( -0.086025  0.000000  0.579079  0.000000 -0.101300  0.000000 ) 
 ( -0.052244  0.000000  0.172535  0.000000 -0.182546  0.000000 ) 
 ( -0.086025  0.000000  0.284095  0.000000 -0.206483  0.000000 ) 
 ( -0.052244  0.000000  0.511948  0.000000 -0.061521  0.000000 ) 
 ( -0.155020  0.000000  0.172535  0.000000 -0.061521  0.000000 ) 
     freq (   17) =      41.970827 [THz] =    1399.996093 [cm-1]
 ( -0.001493  0.000000  0.012305  0.000000  0.035776  0.000000 ) 
 ( -0.001307  0.000000  0.010772  0.000000  0.031319  0.000000 ) 
 (  0.025214  0.000000 -0.101928  0.000000 -0.296360  0.000000 ) 
 (  0.012370  0.000000 -0.207763  0.000000 -0.296360  0.000000 ) 
 (  0.007513  0.000000 -0.061902  0.000000 -0.534051  0.000000 ) 
 (  0.012370  0.000000 -0.101928  0.000000 -0.604080  0.000000 ) 
 (  0.007513  0.000000 -0.183677  0.000000 -0.179984  0.000000 ) 
 (  0.022291  0.000000 -0.061902  0.000000 -0.179984  0.000000 ) 
     freq (   18) =      41.970827 [THz] =    1399.996093 [cm-1]
 (  0.036380  0.000000  0.010295  0.000000 -0.002022  0.000000 ) 
 (  0.031848  0.000000  0.009012  0.000000 -0.001770  0.000000 ) 
 ( -0.614273  0.000000 -0.085280  0.000000  0.016752  0.000000 ) 
 ( -0.301361  0.000000 -0.173830  0.000000  0.016752  0.000000 ) 
 ( -0.183021  0.000000 -0.051792  0.000000  0.030187  0.000000 ) 
 ( -0.301361  0.000000 -0.085280  0.000000  0.034146  0.000000 ) 
 ( -0.183021  0.000000 -0.153678  0.000000  0.010174  0.000000 ) 
 ( -0.543062  0.000000 -0.051792  0.000000  0.010174  0.000000 ) 
     freq (   19) =      45.964637 [THz] =    1533.215266 [cm-1]
 (  0.000000  0.000000  0.000000  0.000000  0.000000  0.000000 ) 
 (  0.000000  0.000000  0.000000  0.000000  0.000000  0.000000 ) 
 (  0.000000  0.000000  0.006774  0.000000 -0.499758  0.000000 ) 
 (  0.013018  0.000000  0.000000  0.000000  0.499758  0.000000 ) 
 ( -0.013020  0.000000 -0.006775  0.000000  0.000000  0.000000 ) 
 ( -0.013018  0.000000 -0.006774  0.000000  0.000000  0.000000 ) 
 (  0.013020  0.000000  0.000000  0.000000  0.499811  0.000000 ) 
 (  0.000000  0.000000  0.006775  0.000000 -0.499811  0.000000 ) 
     freq (   20) =      45.964637 [THz] =    1533.215266 [cm-1]
 (  0.000000  0.000000  0.000000  0.000000  0.000000  0.000000 ) 
 (  0.000000  0.000000  0.000000  0.000000  0.000000  0.000000 ) 
 (  0.000000  0.000000  0.189973  0.000000  0.014616  0.000000 ) 
 (  0.462245  0.000000  0.000000  0.000000 -0.014616  0.000000 ) 
 ( -0.462293  0.000000 -0.189994  0.000000  0.000000  0.000000 ) 
 ( -0.462245  0.000000 -0.189973  0.000000  0.000000  0.000000 ) 
 (  0.462293  0.000000  0.000000  0.000000 -0.014618  0.000000 ) 
 (  0.000000  0.000000  0.189994  0.000000  0.014618  0.000000 ) 
     freq (   21) =      45.964637 [THz] =    1533.215266 [cm-1]
 (  0.000000  0.000000  0.000000  0.000000  0.000000  0.000000 ) 
 (  0.000000  0.000000  0.000000  0.000000  0.000000  0.000000 ) 
 (  0.000000  0.000000 -0.462426  0.000000 -0.001316  0.000000 ) 
 (  0.190090  0.000000  0.000000  0.000000  0.001316  0.000000 ) 
 ( -0.190110  0.000000  0.462475  0.000000  0.000000  0.000000 ) 
 ( -0.190090  0.000000  0.462426  0.000000  0.000000  0.000000 ) 
 (  0.190110  0.000000  0.000000  0.000000  0.001316  0.000000 ) 
 (  0.000000  0.000000 -0.462475  0.000000 -0.001316  0.000000 ) 
     freq (   22) =      51.520582 [THz] =    1718.541624 [cm-1]
 (  0.024550  0.000000  0.002945  0.000000  0.000000  0.000000 ) 
 ( -0.020232  0.000000 -0.002427  0.000000  0.000000  0.000000 ) 
 ( -0.263716  0.000000  0.053045  0.000000  0.000000  0.000000 ) 
 (  0.442253  0.000000 -0.031631  0.000000  0.000000  0.000000 ) 
 ( -0.499452  0.000000 -0.059906  0.000000  0.000000  0.000000 ) 
 (  0.442253  0.000000  0.053045  0.000000  0.000000  0.000000 ) 
 ( -0.499452  0.000000  0.019033  0.000000  0.000000  0.000000 ) 
 (  0.158681  0.000000 -0.059906  0.000000  0.000000  0.000000 ) 
     freq (   23) =      51.520582 [THz] =    1718.541624 [cm-1]
 (  0.002945  0.000000 -0.024550  0.000000  0.000000  0.000000 ) 
 ( -0.002427  0.000000  0.020232  0.000000  0.000000  0.000000 ) 
 ( -0.031631  0.000000 -0.442253  0.000000  0.000000  0.000000 ) 
 (  0.053045  0.000000  0.263716  0.000000  0.000000  0.000000 ) 
 ( -0.059906  0.000000  0.499452  0.000000  0.000000  0.000000 ) 
 (  0.053045  0.000000 -0.442253  0.000000  0.000000  0.000000 ) 
 ( -0.059906  0.000000 -0.158681  0.000000  0.000000  0.000000 ) 
 (  0.019033  0.000000  0.499452  0.000000  0.000000  0.000000 ) 
     freq (   24) =      51.520582 [THz] =    1718.541624 [cm-1]
 (  0.000000  0.000000  0.000000  0.000000 -0.024726  0.000000 ) 
 (  0.000000  0.000000  0.000000  0.000000  0.020377  0.000000 ) 
 (  0.000000  0.000000  0.000000  0.000000 -0.445423  0.000000 ) 
 (  0.000000  0.000000  0.000000  0.000000 -0.445423  0.000000 ) 
 (  0.000000  0.000000  0.000000  0.000000 -0.159818  0.000000 ) 
 (  0.000000  0.000000  0.000000  0.000000  0.265607  0.000000 ) 
 (  0.000000  0.000000  0.000000  0.000000  0.503032  0.000000 ) 
 (  0.000000  0.000000  0.000000  0.000000  0.503032  0.000000 ) 
 **************************************************************************
